
精选 	
	topic-259601
	258047
	321638
	272421
	317387
	307054
	318994
	264265
	330150
	207778
	264800
	249334
	329881
	228961
	244903
常识	
	topic-258047
	236784
	236788
	249332
	264800
	219441
	207778
	228961
	244903
	223879
养生	
	topic-252248
	252250
	264270
	264265
	209322
	226660
	226661
	314325
	329881
	301567
人群	
	topic-287492
	223868
	223881
	330150
	277477
	330154
	330263
	330267
	330257
	56699
调理	
	topic-272421
	236789
	330275
	249334
	264799
	219449
	283067
	228970
	249337
	244873
专栏	
	topic-321638
	323239
	317387
	318994
	313845
	318465
	307914
	317484
	317578
食品营养	
	topic-259601
	318199
	319383
	307054
	313479
	286263
	329932
	329936
	329938
	329946
